140	 109.0       0.0     	 2633.1   2635.058  
139	 149.0       0.0	 2633.5   2635.554  
138	 249.0       0.0	 2634.7   2636.098  
137	 269.0       0.0	 2635.0   2636.283  
136	 349.0       0.0	 2636.2   2637.297  
135	 529.0       0.0	 2638.9   2639.387  
134	 549.0       0.0	 2639.2   2639.679  
133	 649.0       0.0	 2640.0   2640.793  
132	 669.0       0.0	 2640.0   2641.058  
131	 689.0       0.0	 2640.0   2641.530  
130	 709.0       0.0	 2640.0   2642.036  
129	 729.0       0.0	 2640.0   2642.478  
128	 749.0       0.0	 2640.0   2642.553  
127	 849.0       0.0     	 2641.0   2643.841  
126	 889.0       0.0     	 2641.8   2643.992  
125	 929.0       0.0     	 2642.6   2644.657  
124	 989.0       0.0     	 2643.8   2646.598  
123	1249.0       0.0     	 2649.0   2645.633  
122	1369.0       0.0     	 2651.4   2647.221  
121	1389.0       0.0     	 2651.8   2647.431
101   	1569.0       0.0     	 2653.7   2650.000  
102   	1609.0       0.0     	 2654.1   2650.486 
103   	1709.0       0.0     	 2655.1   2652.257 
104   	1729.0       0.0     	 2655.3   2652.541 
105   	1809.0       0.0     	 2656.2   2653.277 
106   	1989.0       0.0     	 2659.8   2657.638 
107   	2009.0       0.0     	 2660.4   2657.774 
108   	2109.0       0.0     	 2664.4   2658.915 
109   	2129.0       0.0     	 2665.2   2659.655 
110   	2149.0       0.0     	 2666.0   2660.095 
111   	2169.0       0.0     	 2666.8   2660.554 
112   	2189.0       0.0     	 2667.6   2660.928 
113   	2209.0       0.0     	 2668.1   2661.520 
114   	2309.0       0.0     	 2669.6   2664.224 
115   	2349.0       0.0     	 2670.2   2665.339 
116   	2389.0       0.0     	 2670.8   2666.645 
117   	2449.0       0.0     	 2672.7   2668.701 
118   	2709.0       0.0     	 2681.3   2675.471 
119   	2829.0       0.0     	 2684.6   2681.199 
120   	2849.0       0.0     	 2685.0   2681.669 
160	   0.0	  -407.7     	 2643.4   2649.481 
159	   0.0	  -349.0     	 2641.5   2646.815 
158	   0.0	  -202.1     	 2637.1   2641.543 
157	   0.0	  -172.8     	 2636.3   2640.276 
156	   0.0	  -055.3     	 2633.4   2636.820 
155	   0.0	   209.0     	 2631.4   2634.173 
154	   0.0	   238.4     	 2632.7   2634.125 
153	   0.0	   385.2     	 2639.3   2637.798 
152	   0.0	   414.6     	 2639.9   2638.470 
151	   0.0	   443.9     	 2639.6   2639.324 
150	   0.0	   473.3     	 2639.3   2640.111 
149	   0.0	   502.7     	 2639.0   2640.973 
148	   0.0	   532.0     	 2638.7   2642.051 
147	   0.0	   678.8     	 2644.3   2646.496 
146	   0.0	   737.6     	 2649.0   2648.335 
145	   0.0	   796.3     	 2653.7   2650.506 
144	   0.0	   884.4     	 2662.4   2655.125 
143	   0.0	  1266.1     	 2665.3   2663.368 
142	   0.0	  1442.3     	 2669.1   2667.368 
141	   0.0	  1471.6     	 2669.8   2667.791
161	   0.0	  1735.9     	 2677.8   2676.991
162	   0.0	  1794.6     	 2679.8   2678.721
163	   0.0	  1941.4     	 2684.9   2684.117
164	   0.0	  1970.7     	 2686.0   2684.421
165	   0.0	  2088.1     	 2690.5   2691.550
166	   0.0	  2352.4     	 2695.8   2698.782
167	   0.0	  2381.7     	 2695.9   2699.735
168	   0.0	  2528.5     	 2700.5   2703.913
169	   0.0	  2557.8     	 2701.5   2704.796
170	   0.0	  2587.2     	 2702.6   2705.876
171	   0.0	  2616.5     	 2703.8   2706.991
172	   0.0	  2645.9     	 2705.3   2708.200
173	   0.0	  2675.3     	 2706.8   2709.082
174	   0.0	  2822.0     	 2714.0   2713.334
175	   0.0	  2880.7     	 2716.6   2714.966
176	   0.0	  2939.4     	 2719.3   2717.404
177	   0.0	  3027.5     	 2722.4   2720.529
178	   0.0	  3409.1     	 2736.3   2734.884
179	   0.0	  3585.2     	 2741.6   2740.544
180	   0.0	  3614.5     	 2742.6   2741.366
